    1.0           1.0
    0.999949      1.0101
      0.9998      1.0202
    0.999555      1.0303
    0.999216      1.0404
    0.998787     1.05051
    0.998271     1.06061
    0.997671     1.07071
    0.996988     1.08081
    0.996226     1.09091
    0.995388     1.10101
    0.994475     1.11111
    0.993491     1.12121
    0.992437     1.13131
    0.991316     1.14141
     0.99013     1.15152
    0.988882     1.16162
    0.987574     1.17172
    0.986207     1.18182
    0.984784     1.19192
    0.983307     1.20202
    0.981778     1.21212
    0.980198     1.22222
     0.97857     1.23232
    0.976895     1.24242
    0.975176     1.25253
    0.973413     1.26263
    0.971609     1.27273
    0.969765     1.28283
    0.967883     1.29293
    0.965963     1.30303
    0.964009     1.31313
    0.962021     1.32323
        0.96     1.33333
    0.957949     1.34343
    0.955867     1.35354
    0.953758     1.36364
    0.951621     1.37374
    0.949458     1.38384
     0.94727     1.39394
    0.945059     1.40404
    0.942825     1.41414
     0.94057     1.42424
    0.938295     1.43434
       0.936     1.44444
    0.933687     1.45455
    0.931357     1.46465
     0.92901     1.47475
    0.926648     1.48485
    0.924271     1.49495
     0.92188     1.50505
    0.919477     1.51515
    0.917061     1.52525
    0.914634     1.53535
    0.912196     1.54545
    0.909748     1.55556
    0.907291     1.56566
    0.904825     1.57576
    0.902352     1.58586
    0.899871     1.59596
    0.897384     1.60606
    0.894891     1.61616
    0.892392     1.62626
    0.889889     1.63636
    0.887381     1.64646
    0.884869     1.65657
    0.882354     1.66667
    0.879836     1.67677
    0.877316     1.68687
    0.874794     1.69697
     0.87227     1.70707
    0.869746     1.71717
    0.867221     1.72727
    0.864696     1.73737
    0.862171     1.74747
    0.859646     1.75758
    0.857123     1.76768
    0.854601     1.77778
     0.85208     1.78788
    0.849561     1.79798
    0.847045     1.80808
    0.844531     1.81818
     0.84202     1.82828
    0.839512     1.83838
    0.837008     1.84848
    0.834507     1.85859
     0.83201     1.86869
    0.829517     1.87879
    0.827028     1.88889
    0.824544     1.89899
    0.822065     1.90909
    0.819591     1.91919
    0.817123     1.92929
    0.814659     1.93939
    0.812201     1.94949
    0.809749      1.9596
    0.807303      1.9697
    0.804863      1.9798
    0.802429      1.9899
    0.800001           2
