       1           1
           1      1.0101
    0.999899      1.0202
      0.9997      1.0303
    0.999406      1.0404
     0.99902     1.05051
    0.998545     1.06061
    0.997983     1.07071
    0.997338     1.08081
    0.996611     1.09091
    0.995807     1.10101
    0.994926     1.11111
    0.993972     1.12121
    0.992947     1.13131
    0.991854     1.14141
    0.990694     1.15152
     0.98947     1.16162
    0.988185     1.17172
     0.98684     1.18182
    0.985438     1.19192
     0.98398     1.20202
    0.982469     1.21212
    0.980906     1.22222
    0.979294     1.23232
    0.977634     1.24242
    0.975928     1.25253
    0.974178     1.26263
    0.972385     1.27273
    0.970551     1.28283
    0.968679     1.29293
    0.966768     1.30303
    0.964822     1.31313
    0.962841     1.32323
    0.960826     1.33333
     0.95878     1.34343
    0.956704     1.35354
    0.954598     1.36364
    0.952464     1.37374
    0.950304     1.38384
    0.948119     1.39394
    0.945909     1.40404
    0.943676     1.41414
    0.941422     1.42424
    0.939146     1.43434
    0.936851     1.44444
    0.934537     1.45455
    0.932205     1.46465
    0.929856     1.47475
    0.927491     1.48485
    0.925111     1.49495
    0.922717     1.50505
     0.92031     1.51515
     0.91789     1.52525
    0.915459     1.53535
    0.913016     1.54545
    0.910563     1.55556
    0.908101     1.56566
     0.90563     1.57576
    0.903151     1.58586
    0.900664     1.59596
    0.898171     1.60606
    0.895671     1.61616
    0.893166     1.62626
    0.890655     1.63636
     0.88814     1.64646
    0.885621     1.65657
    0.883099     1.66667
    0.880574     1.67677
    0.878046     1.68687
    0.875516     1.69697
    0.872985     1.70707
    0.870452     1.71717
    0.867919     1.72727
    0.865386     1.73737
    0.862853     1.74747
     0.86032     1.75758
    0.857788     1.76768
    0.855257     1.77778
    0.852728     1.78788
    0.850201     1.79798
    0.847676     1.80808
    0.845153     1.81818
    0.842634     1.82828
    0.840117     1.83838
    0.837604     1.84848
    0.835094     1.85859
    0.832589     1.86869
    0.830087     1.87879
     0.82759     1.88889
    0.825097     1.89899
    0.822609     1.90909
    0.820127     1.91919
    0.817649     1.92929
    0.815177     1.93939
     0.81271     1.94949
     0.81025      1.9596
    0.807795      1.9697
    0.805346      1.9798
    0.802904      1.9899
    0.800468           2
