           1           1
    0.999949      1.0101
      0.9998      1.0202
    0.999554      1.0303
    0.999215      1.0404
    0.998786     1.05051
     0.99827     1.06061
    0.997669     1.07071
    0.996986     1.08081
    0.996224     1.09091
    0.995386     1.10101
    0.994473     1.11111
    0.993488     1.12121
    0.992434     1.13131
    0.991313     1.14141
    0.990127     1.15152
    0.988879     1.16162
     0.98757     1.17172
    0.986203     1.18182
     0.98478     1.19192
    0.983303     1.20202
    0.981774     1.21212
    0.980194     1.22222
    0.978566     1.23232
    0.976891     1.24242
    0.975172     1.25253
    0.973409     1.26263
    0.971604     1.27273
     0.96976     1.28283
    0.967878     1.29293
    0.965959     1.30303
    0.964004     1.31313
    0.962016     1.32323
    0.959995     1.33333
    0.957944     1.34343
    0.955862     1.35354
    0.953752     1.36364
    0.951615     1.37374
    0.949453     1.38384
    0.947265     1.39394
    0.945054     1.40404
     0.94282     1.41414
    0.940565     1.42424
     0.93829     1.43434
    0.935995     1.44444
    0.933682     1.45455
    0.931352     1.46465
    0.929005     1.47475
    0.926643     1.48485
    0.924266     1.49495
    0.921875     1.50505
    0.919471     1.51515
    0.917055     1.52525
    0.914628     1.53535
     0.91219     1.54545
    0.909742     1.55556
    0.907285     1.56566
     0.90482     1.57576
    0.902346     1.58586
    0.899866     1.59596
    0.897378     1.60606
    0.894885     1.61616
    0.892386     1.62626
    0.889883     1.63636
    0.887375     1.64646
    0.884863     1.65657
    0.882348     1.66667
     0.87983     1.67677
     0.87731     1.68687
    0.874788     1.69697
    0.872265     1.70707
     0.86974     1.71717
    0.867215     1.72727
     0.86469     1.73737
    0.862165     1.74747
    0.859641     1.75758
    0.857117     1.76768
    0.854595     1.77778
    0.852074     1.78788
    0.849556     1.79798
    0.847039     1.80808
    0.844526     1.81818
    0.842015     1.82828
    0.839507     1.83838
    0.837002     1.84848
    0.834501     1.85859
    0.832004     1.86869
    0.829512     1.87879
    0.827023     1.88889
    0.824539     1.89899
     0.82206     1.90909
    0.819586     1.91919
    0.817117     1.92929
    0.814654     1.93939
    0.812196     1.94949
    0.809744      1.9596
    0.807298      1.9697
    0.804858      1.9798
    0.802424      1.9899
    0.799997           2